2.7000e+02 2.7000e+02 2.7000e+02 2.6914e+02 2.6854e+02 2.7204e+02 2.7175e+02 2.7132e+02 2.7079e+02 2.7074e+02
5.0000e+01 1.5000e+02 2.3124e+02 2.6779e+02 2.6817e+02 2.7200e+02 2.7169e+02 2.7129e+02 2.7076e+02 2.7071e+02
5.0000e+01 1.5000e+02 2.1638e+02 2.6495e+02 2.6696e+02 2.7194e+02 2.7159e+02 2.7125e+02 2.7071e+02 2.7066e+02
5.0000e+01 1.5000e+02 2.1058e+02 2.6253e+02 2.6569e+02 2.7179e+02 2.7135e+02 2.7116e+02 2.7063e+02 2.7059e+02
5.0000e+01 1.5000e+02 2.0749e+02 2.6088e+02 2.6473e+02 2.7151e+02 2.7092e+02 2.7100e+02 2.7055e+02 2.7052e+02
5.0000e+01 1.5000e+02 2.0566e+02 2.5978e+02 2.6407e+02 2.7106e+02 2.7031e+02 2.7076e+02 2.7046e+02 2.7045e+02
5.0000e+01 1.5000e+02 2.0450e+02 2.5904e+02 2.6362e+02 2.7046e+02 2.6954e+02 2.7046e+02 2.7037e+02 2.7038e+02
4.9824e+01 1.5000e+02 2.0373e+02 2.5853e+02 2.6331e+02 2.6972e+02 2.6867e+02 2.7010e+02 2.7028e+02 2.7032e+02
4.9226e+01 1.5000e+02 2.0318e+02 2.5816e+02 2.6308e+02 2.6890e+02 2.6773e+02 2.6971e+02 2.7020e+02 2.7026e+02
4.8732e+01 1.5000e+02 2.0278e+02 2.5788e+02 2.6291e+02 2.6802e+02 2.6678e+02 2.6930e+02 2.7011e+02 2.7021e+02
4.8251e+01 1.5000e+02 2.0248e+02 2.5767e+02 2.6278e+02 2.6711e+02 2.6584e+02 2.6888e+02 2.7003e+02 2.7016e+02
4.7866e+01 1.5000e+02 2.0224e+02 2.5749e+02 2.6267e+02 2.6621e+02 2.6493e+02 2.6847e+02 2.6995e+02 2.7011e+02
4.7559e+01 1.5000e+02 2.0204e+02 2.5735e+02 2.6258e+02 2.6533e+02 2.6405e+02 2.6808e+02 2.6988e+02 2.7006e+02
4.7311e+01 1.5000e+02 2.0188e+02 2.5722e+02 2.6251e+02 2.6449e+02 2.6323e+02 2.6770e+02 2.6981e+02 2.7002e+02
4.7108e+01 1.5000e+02 2.0174e+02 2.5712e+02 2.6244e+02 2.6369e+02 2.6246e+02 2.6734e+02 2.6974e+02 2.6998e+02
4.6941e+01 1.5000e+02 2.0162e+02 2.5703e+02 2.6239e+02 2.6294e+02 2.6175e+02 2.6701e+02 2.6968e+02 2.6995e+02
4.6801e+01 1.5000e+02 2.0152e+02 2.5695e+02 2.6234e+02 2.6224e+02 2.6109e+02 2.6670e+02 2.6963e+02 2.6991e+02
4.6682e+01 1.5000e+02 2.0144e+02 2.5688e+02 2.6230e+02 2.6159e+02 2.6049e+02 2.6641e+02 2.6957e+02 2.6988e+02
4.6581e+01 1.5000e+02 2.0136e+02 2.5682e+02 2.6226e+02 2.6099e+02 2.5993e+02 2.6615e+02 2.6953e+02 2.6986e+02
4.6494e+01 1.5000e+02 2.0129e+02 2.5677e+02 2.6222e+02 2.6043e+02 2.5942e+02 2.6591e+02 2.6948e+02 2.6983e+02
4.6419e+01 1.5000e+02 2.0124e+02 2.5672e+02 2.6219e+02 2.5992e+02 2.5896e+02 2.6569e+02 2.6944e+02 2.6981e+02
4.6354e+01 1.5000e+02 2.0119e+02 2.5668e+02 2.6217e+02 2.5946e+02 2.5854e+02 2.6549e+02 2.6941e+02 2.6979e+02
4.6298e+01 1.5000e+02 2.0114e+02 2.5664e+02 2.6215e+02 2.5904e+02 2.5815e+02 2.6530e+02 2.6938e+02 2.6977e+02
4.6249e+01 1.5000e+02 2.0110e+02 2.5661e+02 2.6213e+02 2.5865e+02 2.5781e+02 2.6514e+02 2.6935e+02 2.6976e+02
4.6205e+01 1.5000e+02 2.0107e+02 2.5658e+02 2.6211e+02 2.5830e+02 2.5749e+02 2.6499e+02 2.6932e+02 2.6974e+02
4.6166e+01 1.5000e+02 2.0103e+02 2.5655e+02 2.6209e+02 2.5797e+02 2.5720e+02 2.6485e+02 2.6930e+02 2.6973e+02
4.6132e+01 1.5000e+02 2.0101e+02 2.5653e+02 2.6208e+02 2.5768e+02 2.5694e+02 2.6472e+02 2.6928e+02 2.6971e+02
4.6101e+01 1.5000e+02 2.0098e+02 2.5651e+02 2.6206e+02 2.5741e+02 2.5670e+02 2.6461e+02 2.6925e+02 2.6970e+02
4.6073e+01 1.5000e+02 2.0096e+02 2.5649e+02 2.6205e+02 2.5716e+02 2.5648e+02 2.6450e+02 2.6924e+02 2.6969e+02
4.6049e+01 1.5000e+02 2.0094e+02 2.5647e+02 2.6204e+02 2.5693e+02 2.5628e+02 2.6440e+02 2.6922e+02 2.6968e+02
4.6027e+01 1.5000e+02 2.0092e+02 2.5645e+02 2.6203e+02 2.5672e+02 2.5609e+02 2.6432e+02 2.6920e+02 2.6967e+02
4.6007e+01 1.5000e+02 2.0090e+02 2.5644e+02 2.6202e+02 2.5653e+02 2.5593e+02 2.6424e+02 2.6919e+02 2.6966e+02
4.5989e+01 1.5000e+02 2.0089e+02 2.5643e+02 2.6201e+02 2.5635e+02 2.5577e+02 2.6416e+02 2.6917e+02 2.6966e+02
4.5973e+01 1.5000e+02 2.0087e+02 2.5641e+02 2.6201e+02 2.5619e+02 2.5563e+02 2.6409e+02 2.6916e+02 2.6965e+02
4.5958e+01 1.5000e+02 2.0086e+02 2.5640e+02 2.6200e+02 2.5604e+02 2.5551e+02 2.6403e+02 2.6915e+02 2.6964e+02
4.5945e+01 1.5000e+02 2.0085e+02 2.5639e+02 2.6199e+02 2.5591e+02 2.5539e+02 2.6398e+02 2.6914e+02 2.6964e+02
4.5934e+01 1.5000e+02 2.0084e+02 2.5638e+02 2.6199e+02 2.5578e+02 2.5528e+02 2.6392e+02 2.6913e+02 2.6963e+02
