2.6688e-03 1.9556e-03 7.6464e-05 0.0000e+00 5.2334e-07
1.5593e-03 1.1804e-03 1.0765e-05 0.0000e+00 5.1076e-07
1.2207e-03 9.4176e-04 0.0000e+00 0.0000e+00 4.8235e-07
1.0471e-03 8.1878e-04 0.0000e+00 0.0000e+00 4.3475e-07
9.3660e-04 7.4433e-04 0.0000e+00 0.0000e+00 3.6859e-07
8.6073e-04 6.8608e-04 0.0000e+00 0.0000e+00 2.8737e-07
7.9985e-04 6.3970e-04 0.0000e+00 0.0000e+00 1.9587e-07
7.5402e-04 6.0199e-04 0.0000e+00 0.0000e+00 9.8891e-08
7.1454e-04 5.7074e-04 0.0000e+00 0.0000e+00 4.9297e-10
6.8435e-04 5.4448e-04 0.0000e+00 0.0000e+00 0.0000e+00
6.5746e-04 5.2217e-04 0.0000e+00 0.0000e+00 0.0000e+00
6.3407e-04 5.0306e-04 0.0000e+00 0.0000e+00 0.0000e+00
6.1360e-04 4.8658e-04 0.0000e+00 0.0000e+00 0.0000e+00
5.9602e-04 4.7227e-04 0.0000e+00 0.0000e+00 0.0000e+00
5.8077e-04 4.5977e-04 0.0000e+00 0.0000e+00 0.0000e+00
5.6692e-04 4.4879e-04 0.0000e+00 0.0000e+00 0.0000e+00
5.5440e-04 4.3909e-04 0.0000e+00 0.0000e+00 0.0000e+00
5.4307e-04 4.3049e-04 0.0000e+00 0.0000e+00 0.0000e+00
5.3280e-04 4.2282e-04 0.0000e+00 0.0000e+00 0.0000e+00
5.2346e-04 4.1595e-04 0.0000e+00 0.0000e+00 0.0000e+00
